(lat,lon,alt)
North-ish: 35.7255,-78.697287,100
North-ish: 35.7295,-78.697287,50